3,0.71843,0.58181,0.71346,0.99788,0.53071,0.47039,0.62024,0.71595,0.53736,0.58788,0.47039,0.67509,0.56319,0.5472,0.5909,0.4511,0.98353,0.74989,0.71346,0.70089,0.51371,0.57875,0.70344,0.57875,0.83719,0.57567,0.52397,0.71346,0.68812,0.45504,0.60281,0.35902,0.35902,0.37354,0.71346
9,0.42682,0.82436,0.52397,0.89065,0.3783,0.33333,0.33865,0.83505,0.77778,1.0482,0.57258,0.27489,0.34899,1.1593,0.70091,2.0512,0.43506,0.41416,0.52397,0.33865,0.31698,0.67245,0.3639,0.35902,0.98714,0.8222,0.42682,0.52397,0.29964,0.64274,0.35902,2.1797,1.6392,1.2088,0.52397
6,2.9685,3.3476,4.4105,2.6208,2.9679,3.232,2.9117,2.9667,3.1944,3.4273,2.9056,2.8287,3.2757,3.2408,3.0012,1.7154,3.2177,2.8859,4.4105,3.4552,3.1827,3.0644,3.6306,3.4091,2.2839,2.942,3.0921,4.4105,2.787,2.7716,3.4762,2.6255,2.5185,2.7543,4.4105
5,0.17153,0.76395,0.71097,1.0294,0.38294,0.52058,0.78235,0.34899,0.98353,0.56319,3.566,0.65641,0.54067,0.5472,1.5683,1.7164,0.5909,0.59985,0.71097,1.0865,0.49611,0.7593,1.0849,0.56319,2.2328,0.17153,0.57567,0.71097,0.63439,4.2726,0.57258,1.06,0.31698,1.194,0.71097
11,4.5088,2.5701,0.5909,0.13636,4.7908,0.54393,0.84353,2.8256,2.1152,0.060826,0.48157,3.7868,0.38757,0.80473,2.1402,2.2455,5.8505,4.58,0.5909,0.91232,4.4474,1.0799,1.5569,0.40983,0.71595,5.526,0.80912,0.5909,4.3631,1.5535,0.41416,2.806,1.8189,1.7329,0.5909
10,0.86021,1.887,0.77091,0.3783,0.31127,0.53071,0.34382,1.3157,1.6998,0.71843,2.9498,0.59985,0.7686,0.86227,0.52058,0.43098,1.2746,0.53406,0.77091,0.65909,0.54393,0.71843,0.6618,0.60867,1.7411,0.37354,1.0363,0.77091,1.1835,3.6453,0.61736,0.61158,1.9771,0.17153,0.77091
7,0.95047,2.5374,2.4505,1.6392,1.1805,1.7963,1.7604,1.5374,2.1501,1.9067,1.3609,0.98534,1.8219,1.8052,1.735,1.5047,0.7732,0.79362,2.4505,1.5258,1.019,2.0136,1.2393,1.8955,1.3385,0.93349,1.2436,2.4505,1.9771,0.76628,2.2288,1.5059,1.9085,1.1027,2.4505
4,3.307,3.751,4.9394,2.813,3.1156,3.6179,3.6184,3.3038,3.5744,3.8385,2.9846,2.9577,3.6691,3.6257,3.19,1.8003,3.4054,3.2122,4.9394,3.673,3.365,3.1082,3.6647,3.2973,2.8098,3.2752,3.4433,4.9394,3.119,2.8262,3.8932,2.8902,2.818,2.9553,4.9394
1,0.69326,1.0465,0.97628,0.55362,0.66448,0.73311,1.4184,0.90057,0.97628,0.81351,0.66448,0.63719,0.7755,0.75225,0.84353,0.75461,0.79585,0.66448,0.97628,0.93729,0.74274,1.0567,1.7319,0.80252,0.63996,0.65911,0.69837,0.97628,0.83931,0.62024,0.9045,0.57258,0.75225,0.57875,0.97628
0,1.5919,1.4701,1.9353,1.1027,1.2871,1.4184,1.4171,1.3635,1.4033,1.5059,1.176,1.1623,1.7123,1.4234,1.2507,0.74751,1.4096,1.3278,1.9353,1.4408,1.3252,1.2176,1.4383,1.4952,1.1654,1.3504,1.5188,1.9353,1.2248,1.17,1.5246,1.1329,1.106,1.2176,1.9353
2,3.6725,5.665,6.5734,4.0912,2.9147,4.8159,4.3263,4.2705,5.1316,5.1039,3.9709,3.4262,4.8786,4.8262,4.4605,3.1128,3.1224,3.4319,6.5734,4.5951,3.6763,4.8262,4.3761,5.077,3.3108,3.6404,4.121,6.5734,4.5344,3.153,5.4737,3.9651,4.2655,3.6754,6.5734
8,1.2815,1.4518,1.9261,1.0849,1.4358,1.3995,1.6682,1.2802,1.3816,1.4833,1.6096,1.5952,1.4196,1.4071,1.7196,0.69582,1.8393,1.245,1.9261,1.1329,1.815,1.6745,1.9789,1.4785,1.3022,1.269,1.3318,1.9261,1.2058,1.5246,1.2103,1.1171,1.0898,1.1423,1.9261
12,1.8013,7.3392,4.3805,3.9919,1.179,3.21,2.972,5.3784,7.478,3.4075,2.6174,0.8222,1.0311,3.2199,5.8063,3.8551,0.91814,2.4133,4.3805,2.7984,0.79362,4.2892,2.7755,3.3887,3.0394,2.5458,0.84563,4.3805,0.9354,3.0557,3.4588,3.5918,6.5245,2.8724,4.3805
15,2.0598,1.5351,1.9861,1.3906,1.7319,1.4567,1.5385,2.0564,1.9663,1.5477,1.7278,1.5863,1.4809,1.4652,1.4737,0.3639,2.3574,2.059,1.9861,1.6946,1.7824,0.20819,1.6925,1.5397,1.8519,2.0329,1.8413,1.9861,2.4585,2.4331,1.5728,1.1623,1.1345,1.5807,1.9861
14,0.98172,2.0932,2.6187,1.0881,1.0155,1.7644,2.0753,1.0242,1.1684,2.0347,1.3867,1.9463,1.9463,1.7684,1.6872,1.7963,1.2277,0.2247,2.6187,2.2909,2.077,1.8335,2.2636,2.0259,0.80693,0.82004,1.019,2.6187,1.5223,1.8927,2.0813,1.1251,1.0414,0.54067,2.6187
13,2.0924,1.8576,2.6611,2.324,1.8595,1.0898,2.0495,1.9399,1.7684,2.4447,1.7411,1.0482,1.9744,2.85,1.4664,1.5164,2.2024,2.0338,2.6611,2.0259,1.6841,1.4271,2.0224,2.0547,1.6703,1.2746,2.1797,2.6611,1.5455,1.9591,2.0924,2.2722,1.4676,2.6645,2.6611
20,2.3881,2.3271,2.0907,1.5281,3.2397,1.6478,1.8624,1.7391,2.1285,1.7684,1.4749,2.7426,1.6809,1.6714,2.6605,1.6283,1.8917,3.7863,2.0907,1.9252,1.7944,0.95233,2.3747,1.738,1.3211,2.47,1.5385,2.0907,5.3645,1.3726,1.8052,1.5818,1.4555,1.5269,2.0907
18,0.6618,1.4209,0.91814,0.84353,0.60278,0.73311,0.69582,1.17,1.3144,0.87047,1.6424,0.58788,0.73311,0.87658,1.038,2.1756,0.70091,0.63159,0.91814,0.72336,0.65097,1.0067,0.73794,0.75459,1.5919,0.79138,0.66714,0.91814,0.62876,1.6052,0.78461,3.4325,1.0103,1.3816,0.91814
16,8.2281,1.6977,2.2384,1.2676,5.7246,1.6283,1.6305,6.0651,1.6129,1.7329,1.3491,4.4161,3.7647,1.6381,1.4371,1.3211,6.2483,5.8964,2.2384,1.6564,5.0211,1.3982,1.6564,1.7247,2.0624,6.016,4.3971,2.2384,4.6546,2.0727,1.7574,1.3022,1.2676,2.1682,2.2384
21,1.5246,1.5362,1.7411,4.0916,1.3622,1.8461,1.2981,1.614,1.9472,1.4676,2.1126,1.9372,1.3957,1.4171,1.3944,4.1331,1.5762,1.8101,1.7411,1.453,1.3982,1.2161,1.4725,1.4432,4.0136,2.0364,1.7257,1.7411,1.2393,3.2539,1.5,1.6575,1.8335,2.0321,1.7411
19,2.7704,4.0198,3.7386,2.4693,2.6051,2.6085,2.7517,3.7849,3.8241,3.7143,1.8355,2.1285,2.7997,1.3648,3.2583,1.0617,2.8581,2.6883,3.7386,2.7984,2.559,3.1738,2.7997,2.9117,2.8413,2.7588,2.8773,3.7386,2.2455,1.9482,2.9744,0.31698,1.902,1.8614,3.7386
17,4.9246,4.9856,4.972,1.026,4.439,2.7838,3.6448,5.9879,4.7565,4.3275,1.0849,3.3311,3.6947,3.6599,4.0908,1.3803,5.07,4.7834,4.972,3.6995,4.3753,3.9874,3.687,3.8436,0.56003,3.221,3.8269,4.972,4.1271,1.2676,3.9191,0.9354,2.6771,1.7144,4.972
22,1.3583,1.6413,2.0242,1.1999,1.2898,1.4737,1.6392,1.3504,1.5,1.8804,1.3171,1.6041,1.5997,1.5863,1.6478,2.8344,1.5477,1.4664,2.0242,1.7765,1.6162,1.3411,1.7983,1.6575,0.91621,1.7061,1.388,2.0242,1.2549,2.1352,1.7133,4.3671,2.5915,0.92201,2.0242
23,1.8662,2.2192,2.7264,5.8282,1.9554,3.9994,1.9905,2.0092,2.116,2.1143,2.6645,2.3309,2.0207,2.1485,2.0425,5.1153,1.9243,1.8131,2.7264,2.0224,2.0693,1.9897,2.0189,2.1025,3.4675,2.6316,1.9427,2.7264,1.8471,2.586,2.1435,2.7748,2.7061,2.7068,2.7264
