2,5.0516,5.1874,5.5807,4.4107,4.5159,4.6719,4.5889,4.5322,4.9804,4.6835,5.028,4.7911,5.5807,5.5807,4.5177,4.5281,5.2236,4.9111,4.5438,4.9284,4.3935,4.9848,4.7055,5.5807,4.6144,4.8775,4.4129,5.2161,5.2236,4.5151,4.9584,4.9284,4.4728,4.5738,4.4354,5.5807,4.5709,4.5177,4.559,4.5613,4.5114,4.6632,4.6645,4.6428,4.4859,4.9031,4.3791,5.5807,5.5807,5.028
0,3.7303,3.7941,4.0879,3.2238,3.3175,3.4216,3.3582,3.2952,3.6621,3.4268,3.6824,3.5198,4.0879,4.0879,3.3169,3.3065,3.8376,3.597,3.3308,3.613,3.2227,3.6805,3.4582,4.0879,3.3919,3.5839,3.2036,3.8394,3.8376,3.3014,3.6314,3.613,3.2749,3.3669,3.3,4.0879,3.3417,3.3353,3.3666,3.3785,3.2976,3.4148,3.4164,3.3955,3.293,3.591,3.2191,4.0879,4.0879,3.6824
3,0.45308,0.44116,0.48157,0.36394,0.43711,0.40329,0.40329,0.41843,0.42891,0.40767,0.43303,0.42474,0.48157,0.48157,0.43912,0.40767,0.4511,0.42474,0.38985,0.41416,0.35404,0.4685,0.40985,0.48157,0.40767,0.4666,0.38296,0.45111,0.4511,0.38527,0.43506,0.41416,0.39213,0.40106,0.38063,0.48157,0.39438,0.40109,0.39881,0.40549,0.37118,0.40106,0.40109,0.38985,0.41416,0.41201,0.40329,0.48157,0.48157,0.43303
4,1.8418,1.8973,2.0451,1.6069,1.6375,1.7128,1.6692,1.6505,1.8145,1.7139,1.8413,1.7493,2.0451,2.0451,1.6489,1.6505,1.9104,1.7988,1.6559,1.8335,1.6008,1.8145,1.7175,2.0451,1.6867,1.776,1.6113,1.9043,1.9104,1.6457,1.8092,1.8335,1.6223,1.6692,1.6206,2.0451,1.6703,1.6489,1.665,1.6596,1.651,1.7071,1.7082,1.6972,1.6343,1.7959,1.5991,2.0451,2.0451,1.8413
1,1.5443,1.579,1.6988,1.3392,1.3745,1.4253,1.3988,1.3752,1.5246,1.4278,1.5293,1.4701,1.6988,1.6988,1.3848,1.3918,1.5885,1.5029,1.3976,1.5,1.3438,1.5385,1.4284,1.6988,1.4215,1.5029,1.313,1.5941,1.5885,1.3797,1.5368,1.5,1.3602,1.3938,1.3458,1.6988,1.3912,1.388,1.3829,1.4045,1.3706,1.4215,1.4253,1.4165,1.3706,1.4976,1.3372,1.6988,1.6988,1.5293
5,1.8762,1.9127,2.0598,1.6228,1.6793,1.7252,1.6967,1.6692,1.8485,1.7533,1.8557,1.774,2.0598,2.0598,1.6788,1.6676,1.928,1.8131,1.6756,1.8194,1.6179,1.8528,1.7684,2.0598,1.7071,1.8072,1.6261,1.9367,1.928,1.6628,1.8316,1.8194,1.6494,1.6993,1.6424,2.0598,1.692,1.6767,1.6951,1.6982,1.665,1.7196,1.7211,1.7087,1.6596,1.8096,1.6195,2.0598,2.0598,1.8557
6,0.35653,0.37354,0.39213,0.32253,0.3783,0.33865,0.49969,0.33068,0.40106,0.33068,0.35401,0.35902,0.39213,0.39213,0.33337,0.31415,0.36148,0.34642,0.33068,0.33865,0.30845,0.36636,0.32253,0.39213,0.34118,0.36394,0.31133,0.38527,0.36148,0.328,0.40329,0.33865,0.35653,0.32249,0.32795,0.39213,0.31693,0.33601,0.31976,0.34126,0.30834,0.328,0.33601,0.328,0.33068,0.34386,0.32253,0.39213,0.39213,0.35401
16,0.81133,0.7925,0.85814,0.67772,0.7147,0.72336,0.71471,0.70344,0.77665,0.7209,0.77321,0.74394,0.85814,0.85814,0.71346,0.69964,0.83719,0.75461,0.70722,0.75813,0.6764,0.78348,0.73674,0.85814,0.71719,0.7628,0.67772,0.8146,0.83719,0.70217,0.7686,0.75813,0.69198,0.71346,0.69326,0.85814,0.70847,0.70847,0.72703,0.73554,0.69837,0.71967,0.71595,0.71346,0.70972,0.75107,0.67772,0.85814,0.85814,0.77321
14,0.90744,0.92873,0.99431,0.79025,0.81242,0.84248,0.82004,0.81023,0.89164,0.84353,0.89859,0.88565,0.99431,0.99431,0.82544,0.80693,0.92968,0.88062,0.88163,0.87658,0.8146,0.90548,0.84248,0.99431,0.82866,0.87251,0.79025,0.93445,0.92968,0.82758,0.88565,0.87658,0.81895,0.82112,0.79808,0.99431,0.81569,0.8308,0.81787,0.81787,0.81133,0.83613,0.86021,0.82651,0.80583,0.87556,0.78913,0.99431,0.99431,0.89859
13,1.2613,1.2967,1.3963,1.1407,1.1298,1.1798,1.1415,1.1259,1.24,1.1737,1.2585,1.2044,1.3963,1.3963,1.1454,1.1282,1.3097,1.2263,1.1462,1.2335,1.1148,1.2414,1.1805,1.3963,1.1554,1.2248,1.0987,1.2967,1.3097,1.1329,1.2436,1.2335,1.1187,1.1531,1.1051,1.3963,1.1431,1.1446,1.1376,1.1439,1.1539,1.1654,1.1722,1.1646,1.1259,1.2306,1.1219,1.3963,1.3963,1.2585
15,0.63159,0.64274,0.69198,0.56162,0.56791,0.5924,0.56477,0.56162,0.6188,0.5909,0.62452,0.60281,0.69198,0.69198,0.57568,0.56003,0.63997,0.62452,0.57258,0.60575,0.55525,0.62165,0.5924,0.69198,0.57413,0.62024,0.53733,0.65506,0.63997,0.55844,0.61013,0.60575,0.55525,0.56791,0.55044,0.69198,0.56791,0.57257,0.61156,0.56162,0.57721,0.58181,0.58789,0.58181,0.56319,0.61737,0.54882,0.69198,0.69198,0.62452
17,1.9879,2.0043,2.1658,1.6877,1.7649,1.8082,1.7904,1.7538,1.9509,1.8101,1.945,1.8519,2.1658,2.1658,1.7624,1.7533,2.0277,1.9029,1.7589,1.9113,1.6761,1.9636,1.8471,2.1658,1.7963,1.9001,1.7066,2.0542,2.0277,1.7472,1.928,1.9113,1.7185,1.8461,1.735,2.1658,1.78,1.7584,1.7829,1.7909,1.735,1.8101,1.7998,1.7829,1.737,1.8941,1.692,2.1658,2.1658,1.945
10,0.92297,0.92681,0.99073,0.76164,0.8308,0.834,0.83187,0.80694,0.9094,0.84142,0.88364,0.86638,0.99073,0.99073,0.83825,0.81133,0.93824,0.87048,0.834,0.87961,0.77206,0.92777,0.85295,0.99073,0.83719,0.89463,0.77091,0.9486,0.93824,0.82544,0.8976,0.87961,0.79362,0.82004,0.79808,0.99073,0.82651,0.83613,0.84563,0.86021,0.80031,0.82651,0.81023,0.80694,0.81133,0.85503,0.76513,0.99073,0.99073,0.88364
9,0.23676,0.26843,0.26843,0.21305,0.20871,0.24051,0.22124,0.22511,0.23676,0.24768,0.40549,0.22913,0.26843,0.26843,0.22124,0.21707,0.24051,0.25829,0.22525,0.22525,0.20454,0.233,0.22525,0.26843,0.22913,0.24051,0.20888,0.24778,0.24051,0.22124,0.24051,0.22525,0.2002,0.22124,0.22124,0.26843,0.20888,0.20454,0.21722,0.22124,0.21305,0.22124,0.26173,0.328,0.22511,0.26508,0.23676,0.26843,0.26843,0.40549
12,1.5518,1.5874,1.7149,1.3641,1.3797,1.4364,1.3912,1.3874,1.5188,1.4371,1.5443,1.4707,1.7149,1.7149,1.388,1.3848,1.6019,1.5088,1.3854,1.5112,1.3471,1.5153,1.4432,1.7149,1.414,1.4934,1.353,1.5963,1.6019,1.379,1.5164,1.5112,1.3739,1.4045,1.3576,1.7149,1.4026,1.3886,1.4171,1.388,1.3861,1.4309,1.4445,1.4278,1.3861,1.5141,1.3425,1.7149,1.7149,1.5443
11,0.6188,0.66581,0.66848,0.53406,0.54557,0.56791,0.57258,0.54231,0.63996,0.58486,0.61303,0.56319,0.66848,0.66848,0.54067,0.54067,0.6188,0.59688,0.5472,0.58789,0.55044,0.59837,0.5772,0.66848,0.54557,0.58334,0.52567,0.63579,0.6188,0.54557,0.57721,0.58789,0.53902,0.56477,0.54231,0.66848,0.55365,0.5472,0.55205,0.54882,0.55043,0.55843,0.57568,0.5909,0.54882,0.61013,0.54557,0.66848,0.66848,0.61303
19,1.9053,1.9399,2.0957,1.6639,1.7087,1.7629,1.7175,1.7029,1.8695,1.7528,1.8898,1.8121,2.0957,2.0957,1.7206,1.7066,1.9613,1.8738,1.7055,1.8509,1.6457,1.8889,1.7795,2.0957,1.7437,1.8418,1.6623,1.9663,1.9613,1.6993,1.879,1.8509,1.6867,1.7216,1.6719,2.0957,1.7206,1.7139,1.7268,1.7299,1.7144,1.7513,1.7401,1.7278,1.6835,1.8335,1.6478,2.0957,2.0957,1.8898
18,3.535,3.6199,3.8934,3.0769,3.1553,3.2605,3.2005,3.1533,3.4823,3.2695,3.5135,3.3613,3.8934,3.8934,3.1657,3.1564,3.6455,3.4394,3.1802,3.4407,3.0919,3.495,3.2903,3.8934,3.2301,3.4135,3.0688,3.6494,3.6455,3.1598,3.4693,3.4407,3.1253,3.2254,3.1005,3.8934,3.19,3.1743,3.185,3.2008,3.1533,3.2531,3.2724,3.2583,3.1341,3.442,3.0743,3.8934,3.8934,3.5135
8,2.9902,3.0584,3.2957,2.598,2.6695,2.7594,2.7032,2.6695,2.9417,2.763,2.9685,2.8372,3.2957,3.2957,2.6778,2.6711,3.0858,2.8997,2.6857,2.9126,2.5897,2.9583,2.7825,3.2957,2.7465,2.8893,2.5966,3.0847,3.0858,2.6685,2.9351,2.9126,2.6373,2.7051,2.6225,3.2957,2.6982,2.6797,2.6953,2.7081,2.6631,2.7876,2.7543,2.7381,2.6501,2.8948,2.5856,3.2957,3.2957,2.9685
7,0.43508,0.40549,0.44116,0.35899,0.44317,0.38294,0.40985,0.45502,0.41414,0.37827,0.39664,0.40985,0.44116,0.44116,0.3921,0.42265,0.41414,0.40767,0.36394,0.39664,0.34386,0.45504,0.38296,0.44116,0.40329,0.44516,0.34642,0.43508,0.41414,0.3639,0.40549,0.39664,0.37118,0.38294,0.36636,0.44116,0.35902,0.39661,0.40329,0.41416,0.36148,0.37593,0.37357,0.35653,0.3783,0.3783,0.35151,0.44116,0.44116,0.39664
20,1.3931,1.4309,1.5368,1.2088,1.2471,1.2878,1.2613,1.2493,1.3777,1.2898,1.3848,1.3258,1.5368,1.5368,1.2578,1.2478,1.4364,1.355,1.2613,1.3563,1.1999,1.3803,1.2967,1.5368,1.2788,1.3537,1.2154,1.4358,1.4364,1.276,1.3842,1.3563,1.227,1.2585,1.2241,1.5368,1.3015,1.25,1.2549,1.2655,1.2393,1.2829,1.2802,1.2746,1.2371,1.3478,1.2029,1.5368,1.5368,1.3848
21,0.40767,0.39886,0.43098,0.328,0.35151,0.42263,0.3639,0.36148,0.39664,0.36879,0.38985,0.3783,0.43098,0.43098,0.41414,0.35404,0.40329,0.3921,0.40549,0.3783,0.32253,0.40109,0.3783,0.43098,0.36394,0.3898,0.35404,0.41414,0.40329,0.34895,0.3783,0.3783,0.35151,0.35653,0.34642,0.43098,0.36148,0.35653,0.36879,0.34899,0.38294,0.36879,0.37593,0.36148,0.35653,0.37827,0.37827,0.43098,0.43098,0.38985
22,2.8218,2.8714,3.0939,2.4465,2.5227,2.5911,2.55,2.51,2.7704,2.5921,2.7927,2.6538,3.0939,3.0939,2.5135,2.5039,2.9004,2.7228,2.516,2.7342,2.4206,2.7831,2.6208,3.0939,2.5646,2.7215,2.4418,2.9068,2.9004,2.5004,2.7527,2.7342,2.4901,2.543,2.4715,3.0939,2.5343,2.5082,2.5388,2.5601,2.4968,2.5846,2.5839,2.5635,2.5061,2.7097,2.4404,3.0939,3.0939,2.7927
23,0.85814,0.88062,0.94766,0.77206,0.76976,0.92393,0.78007,0.77091,0.84668,0.79474,0.85191,0.8222,0.94766,0.94766,0.7686,0.76397,0.88263,0.834,0.77321,0.83506,0.76629,0.85711,0.79362,0.94766,0.788,0.84036,0.74035,0.88665,0.88263,0.7686,0.84353,0.83506,0.78121,0.78574,0.75343,0.94766,0.7686,0.77436,0.77091,0.78913,0.78007,0.78913,0.79697,0.78687,0.77321,0.84036,0.74513,0.94766,0.94766,0.85191
